QUANTITY_RUNS: 1

Dimension: 30
Function: 1, Averege: 1.66253e-250, Best: 1.66253e-250, Deviation: 0, Average Time: 57.8917 s
