QUANTITY_RUNS: 1

Dimension: 5
Function: 1, Averege: 1.57317e-149, Best: 7.86586e-149, Deviation: 3.14634e-149
